8 10 46 45 10 202 231 9 106 231 9 100 103 102 100 101 231 9 207 114 100 101 202 114 101 114 111 114 100 101 100 101 106 116 111 114 100 103 100 101 100 101 8 10 46 45 10 46 45 10 46 45 202 231 9 106 231 9 106 231 9 106 207 114 114 100 100 101 103 102 100 101 114 100 100 101 103 102 100 101 202 205 114 100 103 100 101 100 101 100 100 101 100 103 100 101 100 101 100 100 101 202 114 103 100 101 100 101 100 100 101 100 103 100 101 100 101 100 100 101 112 101 202 114 103 100 101 100 101 100 100 101 100 103 100 101 100 101 100 100 101 112 101 112 101 207 114 100 100 101 103 102 100 101 202 114 103 100 101 100 101 100 100 101 100 103 100 101 100 101 100 100 101 112 101 112 101 207 114 100 100 101 103 102 100 101 202 114 103 100 101 100 101 100 100 101 100 103 100 101 100 101 100 100 101 112 101 112 101 8 10 46 45 10 46 45 202 231 9 100 103 102 100 101 205 114 100 101 106 202 214 103 100 101 103 102 100 101 100 106 100 114 100 101 106 103 102 100 101 100 106 100 114 100 101 106 103 100 101 103 102 100 101 100 114 100 101 106 103 102 100 101 100 114 100 101 106 103 100 101 103 102 100 101 100 106 100 114 100 101 106 103 102 100 101 100 114 100 101 106 103 100 101 8 101 8 202 231 9 46 45 100 103 100 100 119 106 106 106 106 106 103 100 101 101 209 231 9 106 114 100 100 101 103 102 100 101 112 101 202 103 103 101 46 100 101 100 103 101 100 101 100 100 101 100 101 100 109 103 
34 46 8 10 202 214 111 114 114 100 101 107 114 100 101 112 107 8 10 10 202 214 111 114 114 114 100 101 100 101 114 100 101 107 114 114 100 101 100 101 114 100 101 107 8 10 10 10 10 10 10 202 231 9 100 106 115 101 114 100 101 111 114 100 101 100 101 115 101 114 100 101 111 114 100 101 100 101 115 101 114 100 101 111 114 100 101 100 101 214 100 101 8 10 45 45 100 106 10 10 10 202 231 9 100 103 103 101 100 101 100 100 101 100 101 100 106 9 100 103 103 101 100 101 100 114 100 101 106 100 101 100 106 231 9 100 103 103 101 100 101 100 100 101 100 101 100 106 9 100 103 103 101 100 101 100 114 100 101 106 100 101 100 106 231 9 100 103 103 101 100 101 100 106 100 101 100 106 9 100 103 103 101 100 101 100 106 100 101 100 106 231 9 100 103 102 100 101 205 114 103 100 101 100 101 100 101 103 100 101 100 101 100 101 214 106 231 9 103 100 101 100 101 100 101 100 101 100 101 100 101 100 101 231 9 114 100 101 103 100 101 100 101 100 101 100 101 100 101 100 101 100 101 231 9 114 100 101 103 100 101 100 101 100 101 100 101 100 101 100 101 100 101 231 9 114 100 101 103 100 101 100 101 100 101 100 101 100 101 100 101 100 101 205 114 100 101 100 106 214 106 205 103 100 101 100 101 202 231 9 116 111 103 100 101 100 101 100 101 114 101 114 111 114 100 101 100 101 111 114 100 101 100 101 114 101 114 111 114 100 101 100 101 111 114 100 101 100 101 205 114 114 100 101 100 106 114 100 101 100 106 202 214 106 214 106 205 114 114 103 100 101 100 101 114 100 101 106 114 100 101 100 106 214 106 205 114 114 103 100 101 100 101 114 100 101 114 100 101 106 114 100 101 100 106 214 106 205 114 114 100 101 100 106 114 100 101 100 106 202 214 112 106 205 114 100 101 100 106 202 205 114 100 101 106 202 214 106 202 205 114 100 101 100 106 214 106 214 106 205 114 100 101 100 106 202 205 114 100 101 114 100 101 106 202 214 106 202 205 114 100 101 100 106 214 106 214 106 214 106 8 10 45 45 100 106 10 10 202 231 9 100 103 102 100 101 231 9 106 231 9 114 100 101 106 231 9 114 111 114 100 101 100 101 106 207 114 100 101 100 101 202 231 9 100 103 100 101 100 103 100 101 100 101 100 101 100 101 205 114 100 101 106 214 106 205 114 100 101 106 214 106 205 114 100 101 112 106 214 112 106 205 114 100 101 106 202 114 101 100 101 114 101 114 111 114 100 101 100 101 106 205 114 100 101 106 202 114 101 100 101 114 101 114 111 114 100 101 100 101 106 214 106 8 202 103 103 101 100 101 100 101 100 101 100 109 231 9 103 101 100 101 101 103 101 100 101 100 101 231 9 45 45 100 106 100 103 100 100 101 209 231 9 106 114 100 101 100 101 112 101 202 103 103 103 101 100 101 100 109 100 101 114 100 101 106 100 101 100 109 103 103 101 100 101 103 103 101 100 101 100 100 101 100 101 100 106 100 101 103 103 101 100 101 100 100 101 100 101 100 106 103 101 100 101 100 101 207 130 202 231 9 9 103 101 100 101 100 109 103 103 101 100 101 101 100 101 101 231 9 100 103 100 101 100 103 100 101 100 101 100 101 205 114 100 101 112 106 202 103 103 103 103 103 103 101 100 101 100 109 100 101 100 101 100 101 100 109 100 101 100 101 100 101 100 109 100 101 100 101 205 114 100 101 106 202 103 103 103 103 103 103 101 100 101 100 109 100 101 100 101 100 101 100 109 100 101 100 101 100 101 100 109 100 101 100 101 205 114 100 101 106 202 103 103 103 103 103 103 101 100 101 100 109 100 101 100 101 100 101 100 109 100 101 100 101 100 101 100 109 100 101 100 101 231 9 106 103 101 100 101 100 109 103 101 100 101 101 205 100 100 101 202 103 101 100 101 100 101 212 202 103 103 103 103 101 100 101 100 101 100 101 100 109 100 101 100 101 100 101 100 101 213 
2 6 46 45 43 6 46 45 43 6 8 10 46 45 43 10 106 202 205 112 100 103 100 101 214 130 205 114 114 100 102 103 100 101 100 101 100 101 114 100 102 103 100 101 100 101 100 101 214 130 205 100 112 103 100 101 100 103 100 102 103 100 101 100 101 100 101 100 102 103 100 101 100 101 214 130 205 100 112 103 100 101 100 103 100 102 103 100 101 100 101 100 102 103 100 101 100 101 100 101 214 130 214 130 4 24 10 46 45 43 10 47 103 100 101 47 100 101 202 21 202 205 100 112 103 100 101 100 103 100 102 132 214 130 209 231 9 106 114 100 101 100 102 132 112 101 202 103 102 132 100 103 100 102 132 100 101 106 103 102 132 100 103 100 102 132 100 101 106 25 202 39 21 10 46 45 43 10 10 202 205 112 100 103 100 101 214 111 114 100 101 106 205 100 114 114 100 112 103 100 100 103 102 102 132 100 101 100 101 100 100 103 102 102 132 100 112 103 100 100 103 102 103 102 132 100 101 100 101 100 101 100 101 100 100 103 102 103 102 132 100 101 100 101 114 100 100 103 103 103 102 132 100 101 100 101 100 101 100 101 100 101 100 100 101 112 106 202 214 100 100 103 103 103 102 132 100 101 100 101 100 101 100 101 100 101 100 100 101 205 100 103 100 100 103 102 103 102 132 100 101 100 101 100 101 100 101 100 100 103 102 103 102 132 100 101 100 101 202 103 103 103 102 132 100 101 100 101 100 101 100 101 100 101 100 231 9 130 205 114 100 101 106 202 100 114 101 103 102 132 100 103 100 102 103 100 101 100 101 114 100 101 106 106 100 114 101 114 100 101 103 102 132 100 103 100 102 103 100 101 100 101 114 100 101 106 106 100 114 101 114 100 101 103 102 132 100 103 100 102 103 100 101 100 101 114 100 101 106 106 100 114 101 114 100 101 103 102 132 100 103 100 102 103 100 101 100 101 114 100 101 106 106 202 100 114 101 103 102 132 100 103 100 102 103 100 101 100 101 100 101 106 100 114 101 114 100 101 103 102 132 100 103 100 102 103 100 101 100 101 100 101 106 114 103 103 103 102 132 100 101 100 101 100 101 100 101 100 101 100 100 101 100 101 6 46 45 46 45 43 46 45 46 45 100 106 6 46 45 43 6 106 
10 10 10 202 207 114 100 101 100 101 202 231 9 114 111 114 100 101 100 101 106 205 114 100 100 101 100 101 214 100 101 205 114 100 100 101 100 101 114 101 114 100 101 106 114 101 114 100 101 106 8 202 231 9 119 106 106 106 106 106 106 106 106 231 9 103 100 101 101 106 106 106 103 103 101 100 101 100 101 100 101 100 101 
8 10 46 45 202 231 9 100 103 102 100 101 209 231 9 106 114 100 101 114 100 101 106 112 101 202 231 9 100 101 209 231 9 114 100 101 106 114 100 101 100 101 112 101 202 205 114 100 103 101 100 101 100 100 101 100 103 101 100 101 100 100 101 202 114 101 100 101 103 100 101 103 101 100 101 100 100 101 103 101 100 101 100 100 101 
8 10 10 10 46 45 46 45 43 202 231 9 46 45 100 103 100 100 101 100 100 106 114 103 101 100 101 100 100 101 106 231 9 46 45 46 45 43 103 100 103 102 101 100 103 207 112 103 102 100 101 202 231 9 100 102 103 102 100 101 231 9 100 102 103 102 100 101 103 102 101 205 114 100 101 100 103 101 100 101 100 100 101 212 225 101 101 209 231 9 106 114 100 101 100 101 112 101 202 103 103 103 103 103 101 46 100 101 100 109 100 101 100 101 100 101 100 109 100 101 100 103 101 100 101 100 100 101 100 101 100 109 
103 103 101 100 101 100 109 100 101 100 
-----------------------------------------------------
Suppressions used:
  count      bytes template
      3        648 llvm
-----------------------------------------------------

